380		0.001368	0.000039	0.00645
382		0.001642	0.000047	0.007745
384		0.0001996	0.000057	0.009415
386		0.002535	0.000072	0.011966
388		0.003301	0.000094	0.015588
390		0.004243	0.00012	0.02005
392		0.00533	0.000151	0.025203
394		0.006741	0.000192	0.031897
396		0.008751	0.000247	0.041438
398		0.011422	0.000319	0.05412
400		0.01431	0.000396	0.06785
402		0.017147	0.000473	0.081362
404		0.020748	0.000572	0.09854
406		0.026207	0.000725	0.124613
408		0.033881	0.000941	0.161304
410		0.04351	0.00121	0.2074
412		0.055023	0.001531	0.262611
414		0.069212	0.001935	0.330799
416		0.086958	0.002455	0.416209
418		0.108406	0.003118	0.519695
420		0.13438	0.0004	0.6456
422		0.165396	0.005159	0.796713
424		0.198611	0.006546	0.959439
426		0.230187	0.008087	1.115367
428		0.258777	0.009768	1.258123
430		0.2839	0.0116	1.3856
432		0.304897	0.013583	1.494804
434		0.321645	0.015715	1.584881
436		0.334351	0.018007	1.656405
438		0.343121	0.020454	1.709875
440		0.34828	0.023	1.74706
442		0.350147	0.02561	1.769623
444		0.349287	0.028351	1.780433
446		0.346373	0.031311	1.782968
448		0.341809	0.034521	1.779198
450		0.3362	0.038	1.77211
452		0.330041	0.041768	1.764039
454		0.322887	0.045843	1.752466
456		0.314025	0.050244	1.73356
458		0.30329	0.054981	1.705937
460		0.2908	0.06	1.6692
462		0.276721	0.065278	1.623413
464		0.260423	0.070911	1.564528
466		0.240848	0.077016	1.486111
468		0.218407	0.083667	1.38988
470		0.19536	0.09098	1.28764
472		0.173327	0.099046	1.187824
474		0.152283	0.107885	1.090148
476		0.132179	0.117532	0.994198
478		0.113275	0.127993	0.901453
480		0.09564	0.13902	0.81295
482		0.079308	0.150469	0.729445
484		0.06458	0.162718	0.652105
486		0.051862	0.176243	0.582329
488		0.041151	0.191274	0.520338
490		0.03201	0.20802	0.46518
492		0.024144	0.226735	0.416184
494		0.01754	0.247481	0.372946
496		0.012162	0.270185	0.334858
498		0.007967	0.295051	0.301338
500		0.0049	0.323	0.272
502		0.002945	0.354686	0.246484
504		0.002236	0.389288	0.223453
506		0.002926	0.42563	0.201169
508		0.005175	0.463394	0.179225
510		0.0093	0.503	0.1582
512		0.015536	0.544512	0.138376
514		0.023993	0.586965	0.120075
516		0.034815	0.629346	0.103905
518		0.047985	0.670875	0.089982
520		0.06327	0.71	0.07825
522		0.080462	0.745464	0.068678
524		0.099456	0.777836	0.060788
526		0.120167	0.80811	0.053904
528		0.142368	0.836307	0.047753
530		0.1655	0.862	0.04216
532		0.18914	0.884962	0.036936
534		0.213366	0.905443	0.032089
536		0.238321	0.923734	0.027712
538		0.263992	0.939923	0.023787
540		0.2904	0.954	0.0203
542		0.317573	0.966007	0.01724
544		0.345483	0.976023	0.014585
546		0.374084	0.984092	0.012307
548		0.403378	0.990313	0.010378
550		0.43345	0.99495	0.00875
552		0.464336	0.998098	0.007382
554		0.495971	0.999748	0.006243
556		0.528296	0.999857	0.005304
558		0.561209	0.998326	0.004534
560		0.5945	0.995	0.0039
562		0.627976	0.989743	0.003371
564		0.66157	0.982724	0.002935
566		0.695239	0.974084	0.002585
568		0.728828	0.963857	0.002309
570		0.7621	0.952	0.0021
572		0.794826	0.938499	0.001948
574		0.826825	0.923458	0.001841
576		0.857933	0.907006	0.001766
578		0.887894	0.889205	0.001711
580		0.9133	0.87	0.00165
582		0.942798	0.849392	0.001564
584		0.967218	0.827581	0.001459
586		0.989386	0.804795	0.001337
588		1.009089	0.781192	0.001205
590		1.0263	0.757	0.0011
592		1.040986	0.7324224	0.001049
594		1.052467	0.707497	0.001021
596		1.059794	0.682219	0.000969
598		1.062807	0.656674	0.000887
600		1.0622	0.631	0.0008
602		1.058444	0.605314	0.000724
604		1.050977	0.579638	0.000645
606		1.039037	0.553961	0.000548
608		1.022666	0.528353	0.000435
610		1.0026	0.503	0.00034
612		0.979331	0.47803	0.000283
614		0.952848	0.453403	0.000252
616		0.923194	0.42908	0.00023
618		0.890502	0.405032	0.000212
620		0.85445	0.381	0.00019
622		0.814946	0.356827	0.000156
624		0.772954	0.332818	0.000117
626		0.729584	0.309338	0.000086
628		0.685602	0.286594	0.000065
630		0.6424	0.265	0.00005
632		0.601114	0.24489	0.000039
634		0.561398	0.226053	0.000033
636		0.5226	0.208162	0.000028
638		0.484744	0.191155	0.000024
640		0.4479	0.175	0.00002
642		0.412098	0.159646	0.000016
644		0.377533	0.145126	0.000012
646		0.344456	0.1315	0.000008
648		0.313019	0.118779	0.000003
650		0.2835	0.107	0
652		0.256118	0.096189	0
654		0.230727	0.086265	0
656		0.207097	0.077121	0
658		0.185171	0.06871	0
660		0.1649	0.061	0
662		0.14623	0.053955	0
664		0.129147	0.04755	0
666		0.11364	0.041759	0
668		0.09969	0.036564	0
670		0.0874	0.032	0
672		0.076804	0.028077	0
674		0.067687	0.024708	0
676		0.059807	0.021801	0
678		0.052971	0.019281	0
680		0.04677	0.017	0
682		0.040875	0.014837	0
684		0.035405	0.012835	0
686		0.030564	0.011068	0
688		0.026345	0.009533	0
690		0.0227	0.00821	0
692		0.0196	0.007085	0
694		0.016987	0.006138	0
696		0.014791	0.005343	0
698		0.012949	0.004676	0
700		0.011359	0.004102	0
702		0.009939	0.003589	0
704		0.008679	0.003134	0
706		0.007582	0.002738	0
708		0.006627	0.002393	0
710		0.00579	0.002091	0
712		0.005053	0.001825	0
714		0.004404	0.00159	0
716		0.003834	0.001384	0
718		0.003334	0.001204	0
720		0.002899	0.001047	0
722		0.002523	0.000911	0
724		0.002197	0.000793	0
726		0.001911	0.00069	0
728		0.00166	0.000599	0
730		0.00144	0.00052	0
732		0.001246	0.00045	0
734		0.001076	0.000389	0
736		0.000929	0.000335	0
738		0.000801	0.000289	0
740		0.00069	0.000249	0
742		0.000595	0.000215	0
744		0.000512	0.000185	0
746		0.000442	0.00016	0
748		0.000383	0.000138	0
750		0.000332	0.00012	0
752		0.000289	0.000104	0
754		0.000252	0.000091	0
756		0.000219	0.000079	0
758		0.000191	0.000069	0
760		0.000166	0.00006	0
762		0.000145	0.000052	0
764		0.000126	0.000045	0
766		0.00011	0.00004	0
768		0.000095	0.000034	0
770		0.000083	0.00003	0
772		0.000072	0.000026	0
774		0.000063	0.000023	0
776		0.000055	0.00002	0
778		0.000048	0.000017	0
780		0.000042	0.000015	0
