0.0001909
0.0002269
0.0002931
0.0003668
0.0004628
0.0005408
0.0006074
0.0006936
0.0007846
0.0008995
0.001126
0.001589
0.001768
0.00172
0.001443
0.001106
0.001067
0.001093
0.001148
0.001215
0.001295
0.001393
0.001493
0.001624
0.001799
0.002161
0.003971
0.005455
0.005536
0.004808
0.002585
0.001947
0.002019
0.002107
0.002219
0.002323
0.002439
0.002546
0.002635
0.002709
0.002772
0.002824
0.002874
0.002932
0.002979
0.003029
0.003085
0.003143
0.003188
0.003236
0.003272
0.003276
0.003286
0.003273
0.003258
0.003237
0.003211
0.003171
0.003142
0.003127
0.003123
0.003111
0.003107
0.003114
0.003108
0.003109
0.003098
0.003075
0.003027
0.002966
0.002892
0.002792
0.002723
0.002669
0.002623
0.002588
0.002568
0.00256
0.00256
0.00259
0.00276
0.004771
0.005833
0.005995
0.005269
0.003182
0.002527
0.00246
0.002419
0.002396
0.002375
0.002346
0.002333
0.002325
0.002325
0.002324
0.002494
0.00285
0.003124
0.003157
0.002967
0.002636
0.00248
0.002465
0.002473
0.002476
0.00248
0.002476
0.002459
0.00245
0.00245
0.002447
0.002438
0.002439
0.002445
0.002442
0.002453
0.002472
0.002492
0.002526
0.002562
0.002596
0.002624
0.002677
0.002747
0.002791
0.002787
0.00274
0.002677
0.002634
0.002635
0.002648
0.002696
0.002844
0.003035
0.003221
0.003373
0.003557
0.003732
0.003786
0.003641
0.003328
0.002976
0.002632
0.00237
0.002138
0.001956
0.001828
0.001745
0.001679
0.001612
0.001563
0.001526
0.001486
0.001437
0.001396
0.00135
0.001293
0.001244
0.001196
0.001145
0.001103
0.001073
0.001037
0.0009897
0.0009497
0.00091
0.0008656
0.0008314
0.0008093
0.0007582
0.0007374
0.0007069
0.0006817
0.0006479
0.0006304
0.0005916
0.0005833
0.0005715
0.0005572
0.0005389
0.0005187
0.000488
0.0005031
0.0004878
0.0004785
0.0004711
0.0004482
0.0003913
0.0004026
0.0004184
0.0004144
0.0004043
0.0003562
0.000317
0.0003433
0.0003261
0.0003099
0.0002535
0.0002276
0.0002293
